1.46535966821614 1.49600042120795 1.10631587305314 1.43155449252476 1.44651890291499 1.32619928656855 1.140457759258 0.641748617473945 1.30223317349346 1.38579423607821 1.1366464006527 0.957854850951848 1.42712435560815 1.29964655439422
0.880746452349264 0.906442395819341 0.638268519049956 1.26880503232742 0.868192328383124 0.831995662378754 0.853436125489325 0.288556689862442 1.55512955098076 0.827546946039601 0.546327893608487 0.68077090949189 0.950228282901852 0.651647873381916
1.10403091469497 1.03673688495002 0.947013904516996 1.32146246361835 1.10084313181947 1.14154405605162 1.32103558065784 1.46033447382836 1.44451609832002 0.975992575120199 1.33825891208133 1.0843443168704 1.667669083997 1.38145768322836
2.06980778571155 1.18304534464294 0.928416911671996 1.16667583958154 1.46868047471784 0.970665274337488 1.55704928154238 1.11936217958671 1.70727217678245 0.910151927914745 0.964814193815043 0.882402973206798 1.13997813527401 1.08393848643432
1.3731837919698 1.31377743028071 1.3022059807376 1.50521008837221 1.14730721020687 1.3542875649848 1.13751243762567 0.638426968359712 1.38819255840297 1.4476246162715 1.35084851418559 0.701710411220433 1.16695606064666 1.01468705373035
0.944683806375373 1.24972980166366 0.874718455963196 0.967249970471283 0.988015867326083 0.865712970905184 1.17433799919625 0.453175324264241 1.17699207599416 0.991843374274827 0.702404201822622 0.553540226173528 0.796245138563513 0.784631870682124
1.12946475215087 0.903124435342396 0.875177028144239 1.48475865238987 1.264380932121 1.36723895458473 0.929522800642873 0.977084751106743 1.50899860109534 1.12940010882043 0.965918640275972 0.795839138783491 1.48977561206541 1.46831204032953
1.02424787337925 1.06446932854541 0.63010087884231 0.86470265720106 0.815630264774494 1.41424993713322 99 0.584726431605525 0.97618096644722 0.939342975404308 0.993473970544805 0.649456491935212 0.883767540168595 0.94988023486771
0.939382063097553 0.829904613914805 0.711674485173829 0.87183715111985 0.790228518210509 0.783399134536972 0.609819917970192 0.490480049100561 1.19307362345694 1.02273865608894 0.622563759104482 0.678490291216312 0.923822298289502 0.539821160607243
1.23860608822029 1.08987422272482 0.87183715111985 1.2899211164623 1.31124748679698 1.44101926080914 0.979415754493219 0.778911947520739 1.44090091061076 99 1.24674489616981 0.784175478907509 1.45975390880618 1.10634895003983
0.884387182861147 0.868611949890687 0.675543134611584 0.971725438762256 0.767512262515252 0.565143339975579 0.873424983644664 0.248967231323668 0.673862419148078 0.711576316028313 0.662223947906435 0.348471386588044 0.49676726651495 0.612479277492491
0.895026236569431 1.25962508451581 1.66636629981999 0.965385611517873 1.02381690081116 1.39080915408702 0.909064686782416 1.10796838359213 1.12154725995061 1.18723348032164 0.774957555757511 0.802405091496467 1.15000224505041 1.18469823758124
1.30503007428893 1.29888290410892 0.71177264468311 1.12320733552349 1.00202796415272 0.77357442967256 0.708823659944953 0.98477147224435 1.31356236495379 1.29288986434765 0.815099291310691 1.08738280671656 1.08021067948756 1.0974449409161
1.07209718301235 0.880663554231004 0.743650162733052 0.764350939566277 0.75687287144049 0.82535895286845 0.626740248362347 0.422846505938939 0.974710572003549 1.11192330272778 0.665930134266392 0.643011111066148 0.513122982814674 0.461278172927377
1.0563308964115 1.48491722972497 0.874885233815484 1.993257095416 1.64548050378103 1.21515010491606 0.76964515153267 1.442674694556 1.29063662092345 1.46499000806823 1.21274422271302 0.960192778161284 1.44484624806951 1.68560234006163
1.47944311581791 1.31595236568864 0.860693451771745 1.34729362377016 0.979040153527265 0.864239255402351 0.860143571251154 0.427617912749298 1.44534126841081 1.32702194965482 0.807635907044643 0.615942109650974 0.798677681769409 0.623957861206947
1.51184713404063 1.15980145698053 0.700172445496699 1.22459862211959 1.06780937951306 0.742032578289756 1.05001710548865 0.366239061607327 1.68920981421226 0.937699911111654 0.974333199268024 0.496645560192157 1.17717698153877 1.40815369547278
1.10634895003983 1.20809429928511 0.598396844014135 1.24040116093949 1.20288220984391 0.901988947163295 1.29502849205464 0.497861957374132 0.997317570516528 1.46863442784211 0.821276508270473 0.829162984477388 0.630633275170703 0.702651867574191
0.633344096189192 0.800879880362827 0.414689102635696 1.00821336222449 0.804375447245654 0.877217207888017 1.36919906569125 0.292072420753074 0.841739584609772 0.801014551428952 0.543370255241717 0.342170257735851 0.459005875036194 1.4094736340673
1.48530224144994 1.17563505629418 1.42599572797144 1.24519152014189 1.36678019221559 0.975766458669264 1.49391482117856 0.929048997972818 1.12073248975219 1.42705235359206 1.0235654143452 0.810663513987784 1.22545049850217 1.10343397894732
0.305718434937879 0.799801858428485 0.837290813640005 0.816823925253543 0.872547808926236 1.0857296628371 0.705223961785395 0.550834487785226 1.34947476298135 0.721297223976291 0.482796451044488 0.248499358576518 0.676662044300083 0.911559557498254
1.46181918620614 1.31423429058347 0.927032828406057 1.23938820954689 1.38968859418791 1.45395300959371 1.3055180510926 1.09661028599744 1.71206670031881 2.02256691109902 1.47522057031429 1.05747774530955 1.23045892956176 1.28165580700732
0.837593784924973 1.18411697561459 0.989280936701528 1.00675281499001 1.14447754454006 1.78423120280726 0.736589738402782 0.734912729792413 1.09400167611043 1.18411697561459 0.790228518210509 1.00059511492619 1.283347596686 1.1272321389053
1.16820053843779 0.992881334035868 0.729189771906875 0.763279402740323 1.04471912632277 1.11972125187834 0.766583498633128 1.08849461047982 1.25638497254065 0.967933965025993 0.552677487788551 0.392852570057321 1.2744126284718 0.997170012599778
1.32906241516476 1.49184735825197 0.486491946750538 0.918168966885928 1.06219032203414 1.27413299423156 1.65345479785087 0.999933106810798 1.13667848947457 1.02201917983659 0.61599612137153 0.806252626665218 1.02994079410549 1.22409890870953
0.942659986894223 0.883519575543611 1.45689260996543 1.02061471051305 1.59888239849458 0.726823706919329 0.902191807494653 0.582829956249076 1.23750428753473 1.05378924505979 1.0390038170628 0.518257935583287 0.674473915294324 0.742984415407117
1.42484177073213 1.1617435701082 0.806252626665218 1.25136198757974 1.51712523562553 1.34380430949894 0.956088201748221 1.04052403089254 1.43940849676938 1.26762343140221 1.05719984208756 0.950962653405433 1.03368257991553 1.13561901429721
0.163902971269937 0.831342679311345 0.231032352734447 0.70408712059828 -0.0804728001500474 -0.704976876313524 0.62159747171987 0.754806560946673 1.14686262461682 0.219617341537652 0.80821542338762 0.811241278942413 1.05040195636369 0.508803580814352
1.29830978345134 1.24158645761922 0.749858272143988 1.07987109784887 1.08795570847958 1.05570478765683 0.978175735546163 0.619931118228686 1.85243114876079 1.3618223491954 1.28110049824139 0.97911528500739 1.36644873289918 1.36609165380237
1.36084833978842 1.61659225895556 1.2735455076779 1.27458037148989 1.31589872049792 1.27494371819652 1.01971337106169 1.11759758857919 1.50265416223609 1.59133503973625 0.942621027120185 0.858280190370649 1.11887232767547 1.0232779237765
1.07823949886017 1.04503568776472 0.533389142174742 1.33078165118963 1.02162324713997 1.08109305244917 0.96237246966116 0.561385649377691 1.46332484428931 1.21553569569039 0.694745901923642 0.805135682507993 0.982640112415689 1.15136285405364
1.09041209210277 0.852200110414546 0.495671375994313 1.18881855655426 0.683197849706277 0.794303872519683 0.432626216170537 0.207908078671432 1.4149789949798 0.840143759294286 0.669469053205368 0.476172065266112 0.95877534348031 0.754195242124879
1.44222563344069 1.43710628966949 0.948409361755615 1.06281238453692 1.27119210396374 1.11897031725599 0.661192009318394 0.683601767716414 1.43467968144635 1.38150792438593 0.941061390199367 0.82588450799814 1.10187363137048 1.20240157058445
1.10572030012749 1.26356159573759 0.719350846056582 0.885130247624531 1.07401217179988 0.997944448867349 0.959465157257951 0.803480312244292 1.30207000586555 1.19158640867489 0.631112189640413 0.553310235372146 1.0068258930374 0.831778048729167
1.26316581363874 1.44260380357448 1.16143058106026 1.03382484766367 1.35593824110499 1.04563336387722 0.858788729602696 0.579418415231602 1.41827740697294 1.38779323724363 0.734433067465488 0.765793370544799 1.01620846241329 1.35115929035156
0.912965208445578 0.938482659380652 0.39662615944096 0.808304549947394 0.836381348645853 0.728224707172641 0.415217399550843 0.614482689376263 1.44184732024014 0.900811545025695 0.582327345454702 0.511445431645396 0.937386640168888 0.65669064354933
1.19725025856511 0.947130267025127 0.843418918438245 1.11218640869523 0.966108938855016 1.07452449313902 0.920083530112851 0.729575537173497 1.47960253825354 1.46434277381619 0.748960245379158 0.988574183459172 1.20143959846758 1.02579066829625
0.779324876800998 0.96088161520203 0.513182843339669 0.736015080787121 1.2043827202989 0.974295454160729 0.917529963709106 0.455904704866234 0.991880462823741 0.831429768359952 0.840747884625511 0.698880712407706 1.2559008971863 0.822507385865652
1.67692832245756 1.20961684671102 1.04447284256746 1.32792344779356 1.3572774120494 1.10512437228333 0.789456860697354 0.851730877175692 1.43475113638808 1.28404012708113 0.82619095431771 0.58411325953581 1.49939980722516 0.984808824004556
1.43448910996956 1.54783906621514 0.631537698928254 1.05022704250831 1.34568067823459 0.970475840932235 0.764350939566277 0.796200035616027 0.194167779077636 1.29934661846919 0.768022715205052 1.11638671676727 1.09343222862657 1.23964878077841
1.26762343140221 1.36884296750613 1.28738521279068 1.24789399138386 1.23279347013413 1.44647182415221 1.44753056059046 0.706458194619618 1.87715704474028 1.47962531081261 1.12878578867566 0.954241408102629 1.44552978315086 0.832213228682943
1.28021136231173 0.540229074135233 0.222503346426787 0.581936251223944 0.481499794384162 0.473186059937035 0.177225259369206 0.21098999514164 0.892284883407309 0.463230744958307 0.216803495568011 0.337971112744949 0.508743457561666 0.058363243296915
1.68471234686325 0.909829905611918 1.11671412403209 1.5084898697056 1.07646892398242 1.43874448612081 0.565825041984595 1.1229471136829 1.57345834110137 1.31627417641308 1.62503563305715 0.600318918248751 1.19963340272684 1.13594018593409
1.30614123068332 1.69370552875267 1.61536034018587 0.944450497668011 1.15190025903283 0.993288809361466 1.52820616479931 1.04302910409108 1.45554053385671 1.30079093750595 0.926795364519241 0.764676831698867 1.29093918030304 0.987680727960828
1.35856338738158 1.43541780307944 0.42579047456941 0.794394247576229 0.923425220774755 0.688737472071245 0.488395948799806 0.466497489916448 1.93718649409896 1.3433607637347 0.856243443368767 0.405531772552708 0.857686567558102 0.67370948666747
1.15864065432779 1.10628279497233 0.440317318875375 1.33426395302551 1.31884494075635 0.930469733047425 0.834429705393835 0.624439982550154 0.954818897579495 1.05702611334718 1.00276196301128 0.708479044556927 1.50387737677361 0.999491524466916
1.35617014906434 1.30549094751628 0.790500725815855 1.31777459198808 1.02593406317012 1.04098317583147 1.12616260275512 1.12923848220987 1.61195474255837 1.19812574353401 0.834993904788182 0.754853569995924 1.06866841229504 0.868444122416935
1.28315360220038 1.0153031408718 0.993918217553444 1.5134334917003 1.14971723198538 0.777718082010215 0.691245373270349 0.974559639998131 1.57499138469973 1.27208929190067 1.13965825810411 0.76080582903376 1.54207941890928 0.646003160751128
1.43239042326284 1.08977334000091 0.658038003446377 1.27583754803732 1.48194539191882 1.27183703914207 0.822683101908979 0.628288608211449 1.43651207728051 1.92154426879641 1.24889836767893 1.17455429224327 1.11880699595363 1.15259529586616
1.33865228764205 1.3444040878597 1.08420905835737 0.945150260554708 0.82061648580575 1.2124170511086 0.404864928036132 0.73960128493183 1.19043153375927 1.46411151716653 1.18796536618012 0.591280554156375 1.28409550879964 0.531333884397341
0.698234219608503 1.04552791757565 0.562582810538829 1.29445315745431 1.34965631002199 0.772789808212142 0.725517560590396 0.233648183959295 0.968275786940106 1.16236925447086 0.855053422402966 0.265436463504461 0.646631926818477 0.821760248027922
1.42084070487247 0.850492751283723 0.693397149315153 1.04200666318899 0.982902103172657 0.837550508932324 0.915250190698908 0.755323538986621 0.981141704193771 1.26194921684705 0.375074626784096 0.337257642395049 0.731020832988027 1.03896843574059
1.15555956910986 1.34996745685987 0.861834546078096 1.28846100077113 1.22644832684111 1.27231346316845 1.16042835729257 0.861031689556131 1.59345079680665 1.42108218660555 1.0116372746537 1.15250054655697 1.14352191741672 1.12515684389022
0.868276266772395 1.2162767987821 0.794123097899948 0.737785882178326 0.976218640454043 0.738120546202677 0.793625799126164 0.401323208940829 1.06111808424053 1.1121206386929 0.697686860601977 0.522062255691978 0.671514880432831 0.933541085280683
0.777488328993696 1.29861003047501 1.05549599759448 0.780974890925466 1.46256071657334 0.415151377697585 0.682642195914798 1.00934382090993 1.04777503063105 1.0973781941533 1.25130476297314 1.05403324527014 1.28470450535826 1.26240207694933
1.27748345526171 1.34768346199224 1.38909044842189 1.26522781564045 1.44177637057889 0.916890551946123 1.65221000427797 0.810485672977179 1.07898764553181 1.4752891864414 1.44106659696687 0.629834574348179 1.39391524825125 1.13940228267635
0.786227603575957 1.12969097090537 0.448141382388601 0.927191106342443 1.19310395176083 1.29680719461835 0.802136105571775 0.582215619852664 1.44255654012802 0.862805563400503 0.491214578116875 0.316852449751561 0.942582065828224 0.588175478193323
1.20408279827638 1.28846100077113 0.985854107259472 1.07134386151392 0.875010298953739 1.45610023536385 1.14412725395452 0.81496650388104 1.22203863013756 1.17173882699221 0.812484563148566 0.704136575359547 0.861961253995399 0.749291191177985
1.44300545270393 1.50131803768867 0.936132574087694 0.919246359699788 0.921954661498594 0.861243030089918 1.2384901663515 0.839841559710749 0.957854850951848 1.43341646818863 0.693097179309904 0.600154313710781 1.68198180490981 0.8424288832757
0.999344287009441 0.964547420437443 0.578241252058588 1.1801615532224 1.46221319267758 0.720178519610976 1.02036241734705 0.46064749682171 1.18332101659506 1.48269485540621 0.678693223589795 0.441861323299455 1.51475353677351 0.913366460356908
1.22677094060191 0.84629736005362 0.500472211686499 0.661243631546937 0.615401831935092 0.0993022010738624 0.283824642124476 0.58115360359902 0.974861481231935 0.390080706064417 0.499198287525011 0.223783346601549 0.213900969947277 0.140718006938879
1.47139349426945 1.43491784473222 1.34666956633662 99 0.950344271999007 0.97674592757409 1.02284653289373 1.34544632459388 1.51890032566791 1.27130429648622 1.45292444341765 1.45123904976027 1.43812750975991 1.45058285100225
1.39945734764617 1.16838707660093 0.882609845505266 1.01678743836578 0.955549905826272 1.22327530658043 1.20143959846758 0.65990058676631 0.948293147999649 1.24585343828966 0.911961373712926 0.801732490973386 1.31587189682334 0.808126288883595
0.951078557359819 1.11589540479067 0.720421822694826 0.914088308318955 0.762673243208556 1.00554625554856 0.673811444253203 0.660933858195294 1.24809494736083 1.1983671218051 0.655081799753153 0.495671375994313 1.21071999078318 0.745265134822052
0.596856520241659 0.715251079466872 0.735200416790945 1.21393303612019 0.729961153682662 0.847283574570876 0.83447311665038 1.06577913157287 1.36986005465647 1.4963811901418 1.48568710499793 0.483043242753539 0.816072527397244 0.563493972333074
1.19213298952173 1.13911423197744 0.758700811299384 1.02815405835285 0.988648602063858 0.968351731500614 0.867226530159865 0.343944251459914 1.44706014944245 1.17705371497467 0.818722003468011 0.506576609476576 0.850962565715667 1.04221828847195
1.26880503232742 1.14285243464683 0.861750065212962 1.20668911182016 1.08879761527972 1.32258216514829 1.16355697730849 0.672229932304557 1.66881940894918 1.23360927345424 1.54981528845013 0.514259720500273 1.38175909231813 1.23392958561574
1.33731417889817 1.01642561768016 0.634033916067439 0.667265110845842 0.791452869344069 0.606826474093418 0.909990929725627 0.383900930192324 0.679200374427321 0.925091887827224 0.781066478597829 0.724112759816825 0.943088444259533 1.14514594057366
0.874676757153691 0.962983459866137 0.662687973075237 1.06163705254321 0.790636801837202 0.608188241332754 1.1434900474462 0.506938077038798 0.856413330818741 1.08278773832114 0.466434768431183 0.43567095016523 0.668085749964574 0.875677048988858
1.40012329905633 1.25843258011555 1.02915502365289 1.19863860273523 1.07243941436409 1.02751005117496 1.04274715582671 1.18243246808773 1.2855067073072 1.30334744029896 0.91832865389972 0.751793375992679 1.16907075231667 0.842471948670508
0.744647953422348 0.614644952404988 0.349176903761375 0.821320494282928 0.690242967412556 1.23465718645693 0.796335338356114 0.307484699747961 1.05876204406815 1.23390047056762 0.575995195749087 0.26535977344729 1.08899956748505 1.62967181926491
1.43819871877025 1.45369596721535 0.713096855867566 0.958545299770991 0.932124710176683 1.35918006862832 1.18442294508122 1.30679109125695 1.39708592219809 1.17396710223953 0.706556867469863 1.18756899450026 0.972519825140585 1.31353547853546
0.996985534579811 1.02417605751509 1.07493416131353 0.993251773010283 0.924060469138516 0.840445867580825 0.652377268016734 0.663460870189585 1.52244108079323 1.32943296199023 0.434635485407944 0.92580532424274 0.751981966280838 0.444493495075643
1.3444562255031 2.05036025041178 1.40199545134597 1.4042325062509 1.76519301876624 1.88622080401688 1.44260380357448 1.16033434729611 1.74871277968569 2.16927081965457 1.24103734846275 1.39809940656965 1.96837030641405 1.74213145415957
1.45460700130198 0.9342092323765 0.661192009318394 0.570357884467325 0.83099424725207 0.818369145313327 0.496462972930154 0.793806663659123 1.30136263833143 1.24328966670289 0.649769840590377 0.26735180597853 0.758326121584917 0.489990063177852
1.39636844669137 1.48176361917969 1.14673556384984 1.41505187153909 1.299510231035 1.81999052956888 1.14654494242341 0.821364478360699 1.43565579065761 1.02352948254375 0.600812569357149 1.4240235779299 1.30513853415888 1.29379522662297
1.11310673481856 1.10915650254378 0.585561969880008 1.50298791461717 1.36558131952235 1.09094967233276 0.970589505281534 0.794710495969387 1.36519839782516 1.24818105899026 0.753583549363776 0.793987495486017 1.08819151384019 1.06312327073781
1.50398850393653 1.20396280427594 0.88533655655225 0.918448402427954 1.06901181889182 1.31008803511464 0.828813791981479 0.766815770485146 1.36113038745634 1.27937707877381 0.705816583660608 0.609819917970192 1.42498608823088 1.23764933068532
1.09924542153053 0.964433067200169 0.911077164821268 0.910393376608071 1.04063000612976 0.9771223910804 0.681529961219755 1.0145782930581 1.041300921955 0.980316621638713 0.616266136223988 0.473123756581979 0.768347413122881 1.01334484468841
1.44534126841081 1.10094290400639 0.825796934655409 1.04112440879548 0.988313674721353 1.07721839598044 0.869995452888851 0.818104419964329 1.38007506130597 1.15955058677319 0.774911482362585 0.591391271605558 1.06890880929467 1.12141694132137
1.23706903181513 1.16396297990624 1.23497716318863 1.4036429994545 1.1303047354006 1.22227430549585 0.539821160607243 0.631697218243723 1.41658105372476 1.40415883690346 0.808750063632033 0.577511836961021 0.933737645477876 1.2209479085319
1.18049944814029 0.901136484102478 0.798947599446157 1.04228882028182 0.988536972079928 0.905795852781504 0.882775312536338 0.473497518499991 1.12988483197222 0.92131807358818 0.707198003782605 0.528803056996643 1.25367683650505 0.549623170473903
1.4920947800061 0.92171598851922 0.827065998125732 1.64854323431468 1.3724996500977 1.08353249123302 1.21482371963017 0.853052698069568 1.45908003084554 1.19731066145239 1.29192873508417 0.957778104980973 1.4919823231613 1.44790673024741
0.772143186786443 0.934052061452797 0.520577915208669 0.582885786302408 0.693347160562612 0.772143186786443 0.682288437225069 0.659745503925915 1.017438385879 0.858449732184305 0.67248518411185 0.319035380109777 0.763279402740323 0.66803447974487
0.733088787652893 1.12102588350501 1.13658221991974 1.01352632959843 1.00967177937146 1.0139980362782 0.475115541131912 0.557842788529047 1.17936243835322 1.22280437206106 0.621919671271578 0.930233083996861 0.874176235766808 0.919086819176156
1.04994711668683 0.959580079972552 0.679453853427943 1.04207720992623 0.905472424438276 0.970210573863586 0.536025424787733 0.727403669238036 1.30465037207938 1.20270199719249 0.445198510326764 0.487782150597378 0.724209706011763 0.824087719820541
1.16180615616405 0.799487216331272 0.572729427080806 0.723918839226699 0.6067719648132 0.499258987394525 0.17521301755666 0.82820241155281 1.17021951752054 0.85087716132583 0.501562856486806 0.446926897915759 0.706014046266769 0.625028926483655
1.15401545926582 0.938912909910435 0.697836170046077 0.816381994894574 0.851901532920805 0.638479779217637 1.49330850877437 0.539996001065771 1.46858837884597 0.985331602209143 0.716668375601291 0.588786165235203 0.647626665258136 0.799442259377547
0.852029505620137 1.39626944414197 1.14641784128251 1.44567114588788 1.61732671385434 1.55664876297088 1.10879361594186 0.905553291331414 1.50396627949187 1.56765712508553 0.843590998455877 0.919166592619619 1.47107199516229 1.24204863157816
0.820704513974821 0.943477791718119 0.201960772046303 0.476668867114496 0.614482689376263 0.703740868770815 0.273152020667455 0.386146363721764 0.841610288197568 0.874718455963196 0.343164081910785 0.426900388828229 0.337257642395049 0.408726450810536
0.861412070364166 1.32710152630707 0.524491814529805 0.701908686228518 0.854968366691423 1.0365595642651 0.616751979306232 0.495244871798968 1.39381600251874 1.13824958170661 0.882899394844428 0.476047826230047 0.746308728674178 0.788139127915514
1.04020603777971 1.09239298885419 1.00147711123488 1.29727187229075 1.22103638975182 1.50738303822943 0.846125745157026 0.529509978970118 1.94483814609398 1.20851248436797 0.91180066660129 0.722414678240513 1.17436890106736 1.08943699073266
1.45233955914957 0.883808861628901 0.747588016238192 0.594707107746693 0.691746199644317 0.720810984542419 0.461467298223449 0.632335041163188 0.707740182862845 1.02571896314778 0.854330218151335 0.512943379736992 1.11566604323394 0.819206980220678
1.08417524087034 1.21923573099185 1.02908355934928 1.03864994749543 1.0915541048562 1.11710687130427 0.974899204980925 1.0563308964115 1.49222971152856 1.08044831804044 0.598836501088704 0.922590844422635 1.02230703245804 1.17068485745976
1.07178907462423 1.10938736183607 0.742794120449359 0.921477258561455 0.97229292198944 0.973049065692764 0.561784862363118 0.674270124790256 1.43558440033097 1.4434305524907 0.729334451321658 0.804151738602857 0.881119408862714 0.798587693017942
1.49910952173852 1.31434175679888 0.985592888860748 1.17748508148883 1.33183817532383 1.44163445615306 1.10707636708024 0.947324174454328 1.6953586949417 1.31388494560175 0.894086021885963 0.859127612140781 1.11932953025683 1.00992678383542
1.48389736493863 1.09262775032085 1.15568551369441 1.06236315599299 1.42356606079512 1.55000632866467 1.23177277918362 1.42156497520181 1.21333880607626 1.16745403762552 0.75921578052965 1.05962888068906 0.949957589344639 0.937190795981897
1.02349354945117 0.821276508270473 0.561613790598096 0.787911757004368 1.25592937869468 1.1343976204709 1.13253050687157 0.564802314622723 1.56753199735081 1.39036108079465 1.05019205606556 0.374593444441077 0.978401307937059 1.0390038170628
1.33991005056236 1.32731369975966 1.15063531673526 1.3205551194058 1.42496203676073 0.951850907272706 1.11327098967677 0.60431596685333 1.50147401090616 1.4363694137522 1.4836479063758 0.690293111577039 1.19486142145747 99
0.918208891030059 1.29650640572887 0.918927253195285 0.964547420437443 1.28115604299659 1.29102168061246 1.24129749038609 0.671565972526341 1.54500605227471 1.06395182840448 0.861665577210208 0.613291955310481 0.768903792959192 0.73773806388782
1.27876482817722 1.442674694556 0.559444344668437 0.660417355937026 0.94316632587951 1.09624281701938 0.694895651094062 0.950382932041924 1.22996213678719 0.774865406844803 0.50886370045245 0.667265110845842 0.949377284861944 1.27368541673724
1.24786528009027 1.44887001960237 1.1894275328839 1.19963340272684 1.24014078570838 1.37929492209965 1.05848449757733 1.11530551160977 1.69755867382923 1.41110891749433 1.47160011769899 0.803166825598495 1.32319480417657 1.46983095804768
1.45114533343951 1.43191283412369 0.827678073517551 1.39753099304588 1.33270896819614 1.27410502650631 1.34406512690215 1.26180765599689 1.81298265567958 1.91593683234309 1.45651980600939 1.07178907462423 1.63067088884211 1.02783210660706
1.62108976517455 0.949028940461928 0.966375296041576 0.979641047374917 0.978250931996926 0.955242178009096 0.682642195914798 0.422387775304072 1.11182462014024 1.7952367498076 0.869827857463814 0.710250088459608 1.15864065432779 0.689139159162407
0.955511445027436 0.977573960291054 1.07732055320049 0.943049501174846 1.34599306434636 1.51914114445294 1.02679400087764 0.541102614650263 1.19927177176729 1.09674387760808 0.690192820733509 0.725130226412996 1.21167308095212 1.11798998909435
0.434117350681327 0.812528937580026 0.692847135550943 0.672944473242426 0.764863008101546 0.607044481506534 0.827634366268697 0.461467298223449 0.633980869890729 0.743745233323037 0.374524685201527 0.563949242088263 0.703443986037314 0.596691344742316
1.13937028114028 1.1293677855881 0.420025259439494 0.749905514378554 0.742936845062461 0.902394626682044 0.153150179493675 0.49810505935661 0.851986849873335 0.824613943302251 0.471814488649698 0.381991751922522 0.653470363407047 0.570753532345879
1.01112807263499 1.08238127555769 0.672332040846025 0.863143087663263 0.870749284903777 0.861961253995399 0.570753532345879 0.182821431835606 1.0408419229179 1.04633605521385 0.915370308414413 0.586062957950271 1.12219859847425 0.901948370158279
1.36233460492466 1.15835809306506 0.827459518167539 1.75461127359255 0.831560387713572 1.00927092664303 1.15066695980148 0.997981311829292 1.15152094432351 0.917170344901163 0.731213381366402 0.665775983763813 1.09871228366844 0.676611211919846
1.92299238905327 1.51600596764155 1.46517485522326 1.47903305567001 1.30351039964097 1.43995360444164 1.47052061324743 1.27071514526773 1.46711369022184 1.84400397773464 1.28090606729848 0.831516849824717 1.47515194947869 1.65733243754335
1.04098317583147 1.16502405418736 0.656016282221738 1.06846231171723 0.950112280349666 0.677779703428824 1.08930241934233 0.605244497384034 1.32657089564009 0.967173942188725 0.791588815871977 0.393797303240482 0.579754493204855 0.829686544698772
1.44288733735234 1.44127958195223 0.820572468815184 0.97282228260981 1.07745674659532 0.937739063080025 0.949957589344639 0.736972660099975 1.63633297589674 1.31342792563278 0.960652055572909 0.850834456395539 1.00103621032021 0.947169051519091
1.46840416165338 1.14023396335893 1.11333668406649 1.02514513678624 1.04320528139637 1.2850088646152 0.768764727018534 0.621543761700252 1.62727783056243 1.09574150524309 0.717010180824473 0.785999797574562 0.895924745921282 1.23967772894671
1.43153059851857 1.4114259017575 0.573518693104414 1.18842252297762 1.45004350828379 1.30892723754345 1.3109510108161 0.941997464217561 1.8182066392429 1.43784262300047 0.575376644825437 1.2442986757975 1.06066809375197 1.19715964739269
1.13622915223942 0.724306642809047 0.343873352101523 1.44854119584894 1.21185168427462 1.33810151851841 0.82977377809177 0.36554548410692 1.42344562675068 0.592442476438313 0.511685254177873 0.507299413989432 0.727500296931608 0.714712958474506
1.24872626051311 1.07701405022671 0.750330594087399 0.958085053531133 1.11021142451146 0.779783487219492 0.970096866432682 0.530334090154034 1.28796462704668 1.10575339681948 0.920242911712583 0.443980444336498 1.28273777296159 0.791407549727465
0.834212620838548 1.09225881469593 0.789865459436382 1.56102467721802 1.27301367466092 1.31517422861677 1.00773891831858 0.521884251122724 0.938365286192466 1.48803834500317 1.18426997205007 1.01570158332931 1.16183744772315 0.96576637533468
0.838891194612651 1.12833289011719 0.821408460503956 0.9268745254138 1.09711116254184 1.30291275218084 1.34973410580809 0.666238364002728 1.44376106076822 1.27818005726544 1.01461454792985 0.73716406597672 0.96091987001736 1.09098326150362
0.599550531822361 0.65617194443505 0.324182743488476 0.646107982554159 0.741079834315248 0.648202114516777 0.463922677679733 0.327719759483311 0.490541280463284 0.86288995514704 0.609385064454615 0.619446817629988 0.721491653569088 0.922034206501221
1.52712095394488 1.43575096983248 1.19764281213106 1.31812258101656 1.18775195479839 1.18817873202715 1.41449301547857 0.813549006412241 1.43743889444306 1.49225219834566 1.44919873526628 0.707543060843678 1.59377590094443 0.898045291532805
1.50565393117038 0.661243631546937 0.864112835815575 0.762579955275282 0.81439088784531 0.80433070952056 0.517125736314471 0.408194712679031 0.763652241445299 0.859931998204771 1.04288813989575 0.398037592279368 1.02439148963685 0.853606490496765
0.917849516338148 1.34874824504592 0.774865406844803 1.07442204986689 0.794258681928357 0.807100670635791 0.61642811014654 0.477537676899816 1.23369664149216 1.21164331063016 1.06633011474739 0.633131748149959 1.10413036935201 0.938873803874413
1.39483280463995 0.994177270531226 0.439995351004987 0.978438898389088 1.22253937389977 0.894658431747041 0.347906614246876 0.821760248027922 1.20219121824351 1.00169748881602 0.821848175575679 0.387165350936731 1.09567464468077 0.61707574360865
0.724355107684139 1.39371674693553 1.20719759908155 1.18371907529867 1.54985774498526 1.17319395813335 0.918129041147795 0.713243882259068 1.4778931166473 0.903934709664571 0.867184517766202 0.216964500237494 0.841265416012402 0.863058717277219
1.3601557035102 1.32228903114398 0.949996264339326 1.4049689013847 1.18494287841913 1.22662431088567 1.19918134358981 0.766629957319749 1.41407974712783 1.20444269391053 1.03762301704168 0.807769671396643 0.958353556246541 0.926399466022443
1.49045165319446 0.817707200495353 0.551929178644408 0.500896492688106 0.504767309182027 0.602565802328707 0.186728498612161 0.462853125216895 1.48124083842884 0.954510944693853 0.830863553923779 0.157516437874984 0.428790933411661 0.589562864303375
0.858449732184305 0.830558536382906 0.477723752260874 0.580706101214196 0.87983419486354 0.4991375839708 0.22362343615106 0.280959526690954 0.815143549869197 0.777074640495231 0.905957527734364 0.719350846056582 0.870833008949372 0.244435265448498
1.26638406444733 1.53240566876313 0.676102745950687 1.0640553498594 1.19034030259464 1.4037658420319 0.788093657868899 0.827940276901477 1.58050331533598 1.89584917775244 0.940124439125552 0.823561219281878 1.26536889319101 1.04742425189868
0.874843541959981 1.52435921207579 0.485261631634716 0.942932662820576 1.05803332017019 0.959733289716992 0.717742227415325 0.753818860092678 1.24487479564636 1.03047619290114 0.509704996097288 0.539937724309438 0.732175567527424 0.777672135629633
1.12021068822061 1.19243651650761 0.931652138986854 0.991546616352922 1.26576380448214 1.22826533689497 0.675746665879778 0.624975400456611 1.33397422392019 1.25726709538365 0.92302798552682 0.911237988237504 1.45835917602006 0.931573355405312
1.35557738845783 1.73578858528939 1.56096169897699 1.15044543730813 1.40494436361494 1.60605218732989 1.55546735315857 1.32898299440678 1.48934721617597 1.78656265582118 1.29374037950928 1.40302856011106 1.576232670003 1.1896101534901
1.06198288184532 1.51180303260733 0.998791953385899 1.0584150989167 1.26706027319619 1.17211055117715 0.78631871144774 0.797056643950457 1.21657308630167 1.51631334244363 0.991101314282331 1.10605121776511 1.23785235575961 1.26708843864001
1.02890487624329 1.02844015069111 0.34889475661977 0.921039438896359 1.10350032274089 0.794800834286445 0.876967613477636 0.800161328214427 1.09914547982977 1.07483176000271 0.614753113131933 0.604862265692374 0.83095068470714 0.646265194659815
0.549507730358335 0.616967833821127 0.0594003432814475 0.107867370869007 0.110646520087064 0.297805655622632 0.138195498751399 0.432042122958617 0.642117009447166 0.229841072761931 0.137498513185634 0.0849843239049973 0.0816721486440249 0.150314760658868
1.464712673254 0.987270960591202 0.876384984138253 1.07806938743678 1.25001634282726 1.10369932771667 1.10628279497233 0.505853282139433 1.53335568502804 1.22571472644434 1.1865010584139 1.02227105541139 1.52840137774472 1.36609165380237
1.26615855987991 1.69851049700842 0.714761890532353 1.04661699354973 0.975577989229026 0.942348266193445 0.563209323445553 0.484091428563354 1.7859258198687 1.506474521376 0.85356390196585 0.632547558431016 0.93523024169355 0.802494737395227
0.615401831935092 0.790954240562857 0.794800834286445 1.13014325494746 1.92563455278408 1.15829529082928 0.767790723555711 0.719350846056582 1.27982211660937 1.08866295781444 0.852455963044827 0.81819266953417 1.099445274972 0.952545512533326
1.45605360553474 1.36970755751549 1.41818054998221 1.60112344283001 1.20285217665723 1.31683709610467 1.03513986571254 0.630952576966827 1.81087558642029 1.32564161390794 0.70284995602133 0.670697051722353 1.0535451852988 0.930311973236409
0.824964605180132 1.34369996348747 0.786591985269809 1.07428544251037 1.38836721128082 1.221390236363 0.424940884608821 0.466309313657464 1.90204782312218 1.77529127652075 0.758091869200327 0.725033369422267 1.28617011225731 1.31881819599498
1.48023997396242 1.46068265112375 0.870037347356693 1.44272195241853 1.90801541354784 1.74921724596238 1.27739983040278 0.735967177742873 1.57379000918757 1.76907068097336 2.07971650387427 1.03995863987427 1.94718077004588 1.06422786180628
1.18714195691446 1.32707500145992 0.857516896295765 1.04264140472945 1.12758839690463 1.10439553342384 0.871502549084021 0.575095358783809 1.15224783783402 1.46579846223249 1.07185755135929 0.727741825324444 0.906563576115573 0.771542377987319
0.789411450530009 0.779508346207989 0.483474981743192 0.769691468199731 0.482549598414254 0.747872080249192 0.169911536717273 0.273608502720422 0.982527809647308 0.96797195100917 0.506094449390089 0.436382210742886 0.369976090177861 0.255417111864505
0.783033587354469 1.07987109784887 0.55772829345221 1.14683086093858 1.10902455901542 1.09242652958102 1.08529061455162 0.465807337114326 1.32887709024994 1.23203534209082 1.32372722885106 0.632866249675015 1.15445687685402 1.4783720493208
1.57759630657794 1.63374020495707 1.01714912818454 1.5934101513569 1.32760536477121 1.29792752044974 0.987270960591202 1.13378636367576 1.64915850062903 1.6097378674431 1.02661490816086 1.06198288184532 1.37399402115705 1.63227514633686
1.14192717335405 1.2591709647907 1.14371311591321 1.29776364870633 1.16592819928629 1.32106226618228 0.644166998338227 0.600648046063022 1.50185270175416 1.31216331177682 1.0123279200711 0.747966750324052 1.48769956483438 1.22483369499327
1.02054263324619 1.17266787849752 0.749291191177985 0.84942416961721 1.16813835131672 1.31764071780284 0.577960770750828 0.564972841836437 1.59629188076409 0.991546616352922 1.05371951977737 0.769320874782788 1.03663049631223 1.01407058679153
1.30103599216798 1.20665919275124 0.544299083823529 0.790682156396477 1.34604511921221 1.10243829350164 1.00287201638727 1.11798998909435 1.28442773471632 1.16913288148323 0.837680331292244 0.685115008862681 1.13487992783865 1.0301549880232
1.48005789093205 1.34401296886328 0.933659026035247 0.955819090007558 1.09145339146963 1.47332032133652 1.26398547423211 0.539296455741685 1.48462270894214 1.46609857881849 0.721540255061163 0.941880502873151 1.23494807862526 1.28928774317774
1.19782393873906 1.433559553587 1.28301501166589 1.19966353273784 0.917929388542664 1.17948542067466 0.644849395152193 0.911599746386032 1.64242771525976 1.31581824731557 0.844450954651111 0.604643781968542 1.15098333540523 0.97467284113781
1.29724454428638 1.07745674659532 0.711576316028313 1.29759975010456 1.13574749533037 0.712949807856125 0.985779480393766 0.909749383830733 1.26104288093093 1.09094967233276 0.971876799113701 0.605517430598971 0.918248813580317 1.4596145230326
0.96466176059955 0.960269339046365 0.646893796042483 1.09994473390189 1.07752483633762 0.991286880910561 0.820264295619411 0.61615813903181 1.01646180564043 1.44250927444763 1.11464966636573 0.657830835432378 1.06712162157674 0.68597149681085
1.29014132621298 1.20576120418515 0.621758584472292 1.02983367993954 0.784814369085769 1.15104659851653 0.472625189950687 0.82911934208316 1.01468705373035 1.18417817699776 0.769042839563202 0.479025311216193 0.955165231256211 0.757857561928701
1.04091255186873 1.12651924192112 0.957010321151172 1.21003439570453 1.08027858197961 1.10087639032118 0.55066153226319 1.14396799038891 1.44071152115445 1.44675426348847 1.32842687241636 0.881575055785661 1.09687745137439 0.943438863793167
1.14911527084122 1.3676720369918 0.878921104404151 1.04475430476543 0.856540727468381 0.961340576427864 0.500593453199742 0.964547420437443 1.21143489355707 1.38941448845613 0.670645915213432 0.635200220605096 0.825183706427695 0.631803550318893
1.4531583013734 1.18273895331754 0.64888176426193 1.14711669772772 1.04942204447734 0.991880462823741 1.32465829046149 0.718571232900104 1.22592018880876 1.17421438216166 0.800969663088691 0.727355351889682 1.16089827475239 0.930706326108465
1.28810253335336 1.45691590559866 0.481623357957778 1.26598939807624 1.155181640156 1.12122143152897 0.723433873164818 0.917689752787862 1.22618429269116 1.1368710007852 0.724694296058075 0.569509540101767 1.22489245457844 0.894372267773133
1.37674894827636 1.2947271675944 0.799936674741463 1.16602168489736 1.24855412372131 1.22794320496452 0.661192009318394 0.914609319091617 1.45212891704144 1.44706014944245 0.995804068686428 0.648515856414351 1.16408787062702 0.908581088804102
1.45498051890834 1.46455085908566 1.35340953378411 1.3102229241686 1.43789010976354 1.20668911182016 1.31008803511464 0.48007771481721 1.38904058678792 1.55072770695277 1.00066864433798 0.608514789719242 1.3011448860782 0.761739972025557
1.34887801910946 1.07922557486792 0.87829806436406 1.2752789980186 1.1202433087944 1.28903979221566 0.707345899959758 0.792902013696938 1.46330169748067 1.19267927178114 0.664387558888521 0.826409787064715 1.21621753074237 1.10730770703533
1.31087013847305 1.15609472408147 0.733425027058515 1.2205053849603 0.967706018820311 1.50180815733223 1.07823949886017 0.600538348827282 1.14587748113522 1.23494807862526 0.847883403209255 0.872129836088385 1.28379087138504 0.781570060909842
1.39304651394242 1.31248634397517 0.937856509788716 0.849808990573322 1.11828418846557 1.30643913587043 0.816647176545558 1.32100889442126 1.33589540353604 1.17449249900343 0.688335623562723 0.534561681442574 0.69479582080547 1.09168837359529
1.35822919285155 1.28851613820119 0.869366825162432 1.22838245005569 1.00755637993938 0.913366460356908 0.699029843718101 0.640168255769059 1.21131577858119 1.08664091688689 0.946858733440573 0.893881510361025 1.06457279644459 0.941022368093339
0.89771934628872 1.12252410871442 0.657986215466356 0.766211751416951 0.711429044237958 0.829468427918184 0.32584453354613 0.6783888095844 1.38243693079259 1.17529551343907 0.635306180870095 0.427096128234459 0.706704858492011 0.475675016482967
1.45252675933732 1.04211248142862 0.371080681246334 0.905310671030992 0.816293585381653 0.9213976692423 0.742698959389193 0.770385960900748 1.16820053843779 1.17819335133845 0.63610052518067 0.436123629061957 0.949570757108954 0.681023990757635
1.28464915735769 1.50853411749322 1.06564133833141 1.19483114640865 1.04429688845584 1.12897982528451 0.860016632794978 0.814080803455574 1.42889876620224 1.52483817056795 0.768393789934483 0.79317349462707 0.944333822898798 0.900770920216118
1.31581824731557 1.56796987594033 1.45691590559866 1.45395300959371 1.2083332836029 1.75012116939904 0.923623779240947 0.851047962812218 1.82944053619574 1.4463776599769 1.46632937645615 1.16517999960678 1.36751920579356 1.13613283941529
0.633715596790519 1.08758504481891 1.12868875625058 0.693347160562612 0.491336947182128 0.760572156874734 0.0383549538764639 0.13610308299234 1.10051048595119 0.876260090817802 0.645688629400244 0.314737744475207 0.904582456741994 0.345573550867559
1.47265552676793 1.11812075505615 0.493231755364943 0.93275445790482 1.09430301708001 0.824175442966349 0.501562856486806 0.864112835815575 0.959694989481441 1.15101496746116 0.62020007280388 0.511685254177873 0.999859523293473 0.708577518215303
1.6295738175204 1.08102520524106 0.611720181864216 0.989094997428759 1.19827661178106 1.0198937039567 0.660365691035566 0.53766227771955 1.17173882699221 1.51692780875509 0.619984914930961 0.595148389677843 0.833387269474391 0.588675158963234
1.18188055785112 1.18439235234699 0.675237760016377 1.21110729322654 1.40224152644934 1.09661028599744 1.16358821413046 1.11825150392046 1.19446777431163 1.38416710010372 0.938795587214225 0.669264240096613 1.20198082164514 0.633609467843749
1.24967248357693 1.16164968367941 0.595479223381787 1.12969097090537 1.54006639784232 1.65668402803097 0.953663584938957 0.840057425874566 1.45343885874922 1.48337569877045 0.731598366934198 0.858873461004204 1.15256371376058 1.11596092700272
0.968579530582809 1.02032637026957 1.09370024430709 1.04528183295646 1.21769817894441 1.24161534975045 1.26109955099782 0.560358369296482 1.48462270894214 1.30600578989105 0.909668855565268 0.782622186987548 1.81814171050217 0.828333453115013
1.49928816893311 1.12541649142016 0.638796585809864 1.25230572111657 1.42606780610417 1.08119481463104 0.766397642299538 0.464551292234001 1.96783936509853 1.54177986396011 0.615617978050708 1.22330473262543 1.47382435360525 0.70250327548397
1.10429610513641 1.10061029133078 1.10273710324506 1.0757188898548 0.97384240171216 1.27508343178389 0.689841723551219 0.536259425022801 1.24978711646523 1.27859778566452 0.791316904332189 0.708380561200535 1.07161786226913 0.969262616640261
1.07390967602774 1.06612353163138 0.783124986678177 1.20621029926613 1.27868131040877 0.988313674721353 1.01014530734578 0.903327065482296 1.43964553661689 1.21417062930238 0.769274540947496 0.73745110611647 1.12700536316933 0.784540608989156
0.801956741417221 1.21077958553886 0.880041599199034 0.804285969793913 0.975087802382612 0.904420559303668 0.816028309935761 0.636418086313856 0.989392483672214 1.32170250522671 0.750188920927142 0.42146968224988 0.911157579762407 0.894249600997275
1.45472374054167 1.3127285496628 1.00616799827683 1.13574749533037 1.16583470493484 1.07397800770975 0.798182643393826 0.778223352915065 1.34848864638399 1.32103558065784 1.22603757692335 0.779279004189232 1.16676925532839 1.46286180628877
1.41005971467015 1.07813743547872 0.651491505291113 1.00085244421719 1.06605466110793 0.888919535078023 1.09567464468077 0.591059082476161 1.64264055326182 1.25516009309509 0.850492751283723 0.601415589960352 1.22890928961597 0.791860653495978
0.792902013696938 0.893963319990064 0.707000774848481 0.607480353802854 0.666803205220343 1.63331067684566 1.04087723801687 0.180820430667687 0.572785823888761 0.799936674741463 0.490051324549514 0.258279008082465 1.12535158585773 0.426639343339571
1.21935390636424 0.959694989481441 1.12917382425045 0.734864773911814 0.875968612395551 0.726920390666867 0.623743510421066 0.450884518299024 1.71743095993729 0.881947703451609 0.669110602731704 0.431847349382283 1.025969908676 0.38315133051158
0.892940218265905 1.3149863116755 0.795613512104436 1.21319019337554 1.44630703102606 1.06608909696255 0.783307760267902 0.797867491330348 1.36998711784516 1.44793023615327 0.848440064965981 1.08923512685551 1.37977314412963 0.95100128954955
1.46455085908566 1.18108281603169 0.970930420832479 0.833561084275159 0.990989957774356 1.43255752558953 1.21173261893738 0.544995139536087 1.49015875815018 1.47627216723812 0.732031298609912 0.710790615732541 0.917250271368855 0.882816675016438
0.962448863855238 1.06056422103058 1.06277783565889 1.09074811361131 1.00981750417044 1.12807399881773 0.772512735940686 0.678896114790085 1.53225444656342 1.16925712823744 0.820176228688486 0.675644905423803 0.773020643143109 1.19234546808496
1.75701273289822 1.55166048351443 1.85244683417414 1.50256514278528 1.8340044508218 2.15904953949612 1.57530185050442 1.33075522377912 1.23759131594956 1.79578469047768 1.19872908000288 1.58243663693116 1.42156497520181 99
1.37926974618293 1.4309808787423 1.45807999587726 1.62077342209785 1.39470885972091 1.45032494077703 1.00103621032021 0.925250473245627 1.57503278570992 1.43826992271023 1.16274447726379 1.34625331158271 1.51275078507245 1.44814176444597
1.41733265090408 1.1105079209145 0.84311770713624 0.952738372845201 1.2977363341381 1.18056087131528 0.65060495729427 1.41972913720613 1.48005789093205 1.20465257323069 1.19827661178106 0.255804333553758 0.682288437225069 1.06122189944955
1.26471977159904 1.40861831699801 1.0460199052156 1.04756457815746 1.23390047056762 0.989094997428759 0.990730077688989 0.633025557218564 1.37954664641251 1.45661302002884 0.961875765094639 0.767373002911917 0.779141373726806 0.903124435342396
1.23750428753473 1.08549327617496 0.718863659064581 1.00934382090993 1.08221186730033 1.037055982969 1.04998211170004 0.785498441624132 1.4710490269847 1.45721869945659 0.980204057617808 0.534503087120347 0.920282753143692 0.828901101537565
1.27396517614597 1.20149974884354 0.75968370436019 0.764583730497794 1.17371976115492 1.00985393205234 0.755511464756495 0.585506289042554 1.43537019876648 0.900242647452548 0.757763823645918 0.942659986894223 0.597681988741879 0.730394794586612
1.25533109660108 1.48880582207297 1.01638942841028 1.14167177812856 1.49948910888623 1.50356615500336 0.896047207397096 0.804822714450534 1.57753436342109 1.33634227217724 0.84749784038987 0.731598366934198 0.840402714841698 1.3415584672785
1.26863631765166 0.743887822263129 1.03300653157012 0.551641218265766 0.799307376388336 0.655289538003705 0.743412446707495 0.767465844802245 1.07619624938378 1.070315689513 0.769274540947496 0.368939426758714 0.45005599143604 0.509584854329858
1.08610101473104 0.996579563102958 0.77504969617958 1.12872110143843 1.09470466383709 1.25347699922902 0.685518153395454 0.69394686073051 1.25161945779329 1.11645220679644 0.711281750755428 0.667880653312058 1.33699906939501 0.839755200196036
1.35789488659819 1.31528159387347 1.07551423742213 1.35421012264704 1.20890064256223 1.80853464258976 1.23503532977775 0.870037347356693 1.47823523481825 1.55238066994675 1.38374110433217 1.31219023511262 1.34872228821213 1.45154356716111
1.46653704879609 1.13340011415377 0.717107818004789 0.959043660939804 1.42616390220034 0.907734229191034 0.756215872026928 1.26627131852016 1.02869041436307 1.22946509708687 0.670032073053894 0.807814255538071 1.93162285573295 1.1285917144093
1.24199087151346 1.36069446206961 0.871000436014348 0.943555643022168 1.145432259312 1.44597736328106 0.671463785728786 0.922551094844969 1.37899276925837 1.28221080757657 1.07438789977724 0.957125526312491 1.50078308760459 1.33713037708852
0.793354440976971 1.08116089505435 0.689390131682233 0.983911996471631 0.865292130902339 1.07332866813361 0.658503974616371 0.637581615110237 1.24720469271794 0.960652055572909 0.623207432355264 0.468690267163206 1.29480935599766 0.842127373571264
0.862552345420673 1.20143959846758 0.935465711260196 0.986972842459686 0.971801121801723 0.914649385602029 0.615455872844074 0.502228776540472 1.44882305139984 1.30857603331458 0.631165388204064 0.415217399550843 0.45691838969708 0.814745152307433
1.14269296790328 1.27592130363852 0.726049900235653 1.10074334967706 1.1624943443794 0.904946630173498 0.751416088683921 0.695993127009864 1.52006010128288 1.08812414655372 0.848268817427245 0.651282976461246 0.858661619037519 0.934994716667927
1.18405577048558 1.12128660570698 0.985592888860748 1.4444217497965 1.21725421463185 1.13994615216109 1.47247205736094 0.752924384595806 1.46000939894217 1.32028809670728 1.16168098013509 0.481129012029154 0.681479375692263 0.734912729792413
1.98148411099682 1.37503116884118 0.961875765094639 1.18497345431615 1.04390968039707 0.900323938352076 1.12638956966756 0.714223506161862 1.90131616857978 1.33270896819614 0.791180920831311 0.574813993598081 1.02313414749215 0.92358407070162
1.15423619241611 0.886408677392234 0.881450809031447 0.841480975065639 0.669110602731704 1.2554165873895 0.873717204315094 0.639640913036804 1.05389382386873 0.879626747502564 0.872798508798021 0.607643756946004 0.961646433594952 0.814745152307433
1.48629805459096 1.48835443631104 0.930548603620855 1.45845221875 1.45006696401696 1.45889405353423 1.33962195292146 1.07684373019496 1.60005402112376 1.45870804162894 1.05312665850698 1.24717596162658 1.06353763538462 1.17455429224327
1.54342630684019 1.17985427691713 0.693747000631913 0.917010472798504 0.893963319990064 0.78954767484626 0.949299885481101 0.993140655725876 1.29926480214679 1.33586911092558 0.772928315564795 0.572729427080806 0.716766046158579 0.727355351889682
0.625991905372537 0.582885786302408 0.467625804459771 0.844536909610765 0.724839627292435 0.738072743912938 0.426051741716553 0.229920535593233 0.83190862260152 0.845310171957053 0.499805120482525 0.32584453354613 0.498530345671839 0.60475302979735
1.28658451697088 0.500229684552587 1.34757951999178 1.34981189554248 1.33291995535308 1.05997540505319 1.45159040776255 1.42932990393347 1.23340538500964 1.30486736242416 0.921119056730796 1.40646456790927 0.950498903203892 1.44877608099118
1.47540353619167 1.1220358036117 0.682338981843342 1.14676733055516 1.18252442352007 0.990767207550684 0.641853886172395 0.638004381062736 1.39284784008973 1.48296724838015 0.675950155731424 0.525320069916443 1.12226370899939 1.29617816917678
1.43582234826909 1.16589703547371 1.44449251202365 1.25044600068301 1.18049944814029 1.36427878706221 1.25247721338555 0.908339202086535 1.45614686301872 1.44675426348847 1.54613595976384 0.851645538380624 1.01301808882658 1.0949388833018
1.12697296243707 1.08842726360974 0.586229898213868 0.801463324043404 0.822067960626785 0.851005265175526 1.18381091250198 0.663718369869133 1.82198148191764 1.03215192196784 0.737785882178326 0.398239063016425 0.588342066193819 0.548872571402893
0.954164384302236 1.28605957532405 0.636153459039825 0.689038752515402 1.3059245166096 0.944917060662478 0.577231150962602 0.601634780053838 1.41757498115292 1.226301649809 1.24308774265449 0.498773285241816 1.00011704191901 1.11504322512586
1.36379309577338 1.00125668507675 1.02273865608894 1.06180998214401 1.29956476260879 1.41619291146575 0.827678073517551 0.495305812107954 0.824394717169618 1.46427340243648 1.01877511542648 0.573124137960215 0.895598108649066 0.657520002916794
1.12768553615382 0.729189771906875 0.334040711429798 0.659642102002547 0.78294217967616 0.548814809670025 0.336043573329659 0.201061528168007 0.946276627364412 0.482487875734236 0.20530539318433 0.0399896482161584 0.321141026195446 0.0978524001675046
1.46249122145534 1.30513853415888 0.934444942454197 1.22480431390587 0.896455304040043 1.33444828239628 1.06914914851747 0.29311727494172 0.847283574570876 1.17748508148883 0.745739630679116 0.708922099675308 1.13414029472726 0.844107060910886
1.52586063217875 1.65622607393286 0.775510270985068 1.27673057965975 1.27127624953562 1.7140141206032 1.15675540271682 1.34229022562184 1.4389816833989 1.3262789287099 0.925131536539637 1.08122873305723 1.07813743547872 1.5127728151435
1.03111829330489 0.971536206100134 0.797101708279795 1.01421567202936 0.88842609372585 0.738120546202677 0.730202088510956 0.352978119094443 0.876218456244446 0.955511445027436 0.644324515862377 0.44526257798223 1.13725591226031 0.864070692401531
1.42373464409374 1.07034997895014 0.68077090949189 1.06633011474739 1.03428707811155 1.04369841279065 1.23912757040031 0.672178874123749 1.20922896647164 1.37019038537133 1.11080432943347 0.84569657902023 1.06853101662965 1.08616851844377
0.911117373100158 1.17266787849752 0.692597029254464 0.903164964655227 0.922193277526769 0.777718082010215 0.704383812485933 1.11159432289128 1.32977691828472 1.87533439281396 0.762626600329749 0.536844186164544 0.957240718203109 0.812351428038422
1.10353349298718 1.27971087571711 1.50049320344473 1.11159432289128 0.944256032155857 1.44788322378901 0.350656871613169 0.570697020803381 1.37394340106086 1.33347358493631 1.2209479085319 0.483968169596108 0.700222094231907 0.651908432543348
1.01667890590542 0.90797626227007 0.637951545091995 1.0021748070311 1.31739969909595 1.33334179616716 0.533154469249054 0.134530892957606 1.0447894819706 1.37343705911733 0.500108398924786 0.453874247315852 1.31089709664744 0.540986186660843
1.26390071290582 0.926280665903503 0.367070720120853 0.279750702125501 0.955088278582067 0.989466841407312 0.0813956382039941 0.475488559476305 1.05664380384561 0.893717871021763 0.298251023801015 0.0331445985923021 0.46216045178471 0.594210432699922
0.943283136937756 1.11396056561491 0.786364262271079 0.966375296041576 0.995175846718648 1.01076419809491 0.555779868767033 0.500957089567385 1.38133206929008 1.12629230444142 0.697487746658366 0.528861986252089 0.960613790510819 0.906119176552659
0.878796527446575 1.20390280187582 0.592829484045078 1.00828633361974 1.09440344389406 0.82096855199783 0.585172138894646 0.636153459039825 1.75027753477311 1.46697532660203 0.724355107684139 0.47430685706557 1.25530259804738 1.13805733563104
1.36680568453603 1.13792915104506 0.862510136189508 1.02790366039766 1.20543173956218 1.16330704759992 0.752877284767712 0.394673757029944 1.0584150989167 1.01010889007671 0.715495584223707 0.707198003782605 0.979378200744411 1.09272834550914
1.55123660202535 1.13146662553906 1.15205826437374 0.973615798493425 1.50815794887673 1.49550744609321 0.569509540101767 0.713929719742474 1.00927092664303 1.26886126422779 0.813016926410329 1.01884732019925 0.970854671864522 1.13847382209324
1.19758242930392 1.30844092191503 1.0336114384507 1.17942393140452 1.20549165029521 1.53117362243798 0.878173409761027 0.531157522737909 1.30962927618441 1.27446854593763 1.21914709029685 0.666597845326409 1.39733320823511 1.35650503230914
1.44764812880956 1.62448414797267 1.13317473301722 1.37199257640903 1.43570338137743 1.63779210593063 0.873842415609316 0.914449036994784 1.51433571100077 1.4834437576187 0.91673063510254 0.964509304144629 1.34409120490145 1.2855067073072
1.22398129278419 1.68499055483477 1.44144520558474 1.28417857562695 1.35045990811067 1.8323094267496 1.01080059150771 1.42805991035236 1.52446808642401 1.67440134328475 0.911318390247597 1.03535294902892 1.31614010119668 1.0072642492088
1.49364539438244 1.55721787296148 0.986488210863405 1.45870804162894 1.60569090114717 1.15306890779741 1.49002354688237 0.853350932100281 1.78288689072446 1.45357910792549 1.22785533278918 0.686223265487121 1.20597080698861 1.60647352297008
1.19264893059449 0.730105721545477 0.601196351812037 0.683904599193013 1.28713678958667 0.645583763628336 0.858746361209511 1.02025427221618 1.39641794429074 0.773528292506758 0.570753532345879 0.178062499873571 0.665621809495193 0.688436100829826
1.36993629450707 0.936132574087694 1.5156545664256 1.07202872268509 1.03414487611337 1.34312586571851 0.656120059722869 0.534210063998727 1.27091156757633 1.24360689356601 1.06298511102496 0.638849377152096 0.873758943155177 1.054625569463
1.06491761214401 0.768347413122881 0.950808093899715 0.814036497835399 0.880870786642895 1.30329311461648 0.492743116215225 0.350234247108746 1.04172442646106 1.07356794756185 0.903408106043141 0.818986565399093 0.729816564916957 0.803793700647009
0.754853569995924 1.07708217011775 0.39413449176578 1.00316543285738 1.15625206811452 1.09010957617636 0.315686268861378 0.404331132066961 1.36800309114764 1.49532812214401 0.839755200196036 0.467187166736161 1.27088350960856 0.5527350268432
0.606880980402537 0.985667529651976 0.515872864987504 1.01895561758397 0.789184368756887 0.936759803713495 0.39897744197261 0.274292835332765 0.851645538380624 0.816470396591944 0.24467018185849 0.38587445834316 0.914689450507181 0.672025683937834
1.44149252158465 1.43188894867828 1.05935157471481 1.61215421992833 1.51184713404063 1.48296724838015 1.58002969885351 1.43133942591302 1.45278410238872 1.52933353619243 1.15675540271682 1.34952663692768 1.48505313314315 1.54909325142498
1.17856268438872 1.11031026641392 0.851047962812218 1.43646452503247 1.02700886980842 1.15398392198086 0.984509970851299 0.777672135629633 1.45170749966812 1.04190083375067 0.689390131682233 0.677068610347255 1.30652036733954 0.73058746353379
1.36774844383279 1.26686309287415 0.714664024022195 0.896006388571448 1.13436545837393 0.894290491594488 0.902597404742153 0.936642228122053 1.53251367062087 1.56805325965137 0.794484614465862 0.992992480137532 1.13545838978877 1.02969084320169
1.16168098013509 1.01920826588084 0.493598078099365 0.786364262271079 1.13933827858007 0.661656513468574 0.277555976152772 0.724452030388358 1.18353537558595 0.949957589344639 0.323893454414353 0.67370948666747 0.646369989001016 0.930627467974208
0.818986565399093 0.714370367011471 0.284351532355325 0.85798342301288 0.903934709664571 0.775786514080748 0.619231497609777 0.46014266939886 0.936250209613759 0.797642321889393 0.46064749682171 0.482919854512282 0.546733162104409 1.04816074517201
1.03425152950772 0.722851603266276 0.696142689539744 0.86747856746272 1.38040203541505 0.952198270212573 1.2043827202989 0.48353664352832 1.37313313084207 1.00959890900781 0.795613512104436 0.316050846502224 1.4255871870576 0.615888095012994
1.42113047595535 0.873090912567936 0.306013029136504 0.699576468324849 0.742889272454759 0.625510531844134 0.403529903473654 0.429376928154477 1.15933102370282 0.775832547178553 0.573631394558382 0.290727430637741 0.549334545194097 0.635835813846832
0.667572929440515 1.08923512685551 0.783581858031153 0.994066256043722 0.936877365482543 1.12213348370946 0.546964670381864 0.604206671263298 1.41030381358024 1.29727187229075 0.728128149455191 0.645373999088262 1.02399649528732 0.644219506936522
1.5351237651816 1.29483675063106 0.831037807899389 1.27664689181536 1.13635755491037 0.840747884625511 1.15713273748012 0.689189358705601 1.0431700484183 1.47650062900604 0.982378053001577 0.638796585809864 0.998313017351544 0.92900950428193
0.976331653959277 0.86815035654622 0.589230067140172 1.12554628990819 0.749385727007135 0.894004222294915 0.943399934352773 0.227374587842026 0.822595247746832 1.145432259312 0.852498598786376 0.474431312572887 1.12440998148925 0.467061806324815
0.989950031961045 1.32858579597446 1.2906916385291 1.4548871525855 1.55341767415595 1.17415256791346 0.83121203151584 0.494452309648045 2.0201823934299 1.74592493288426 0.843892067252371 0.558758277521293 1.5845917880614 0.989652711558959
1.08129656645842 0.996542648431218 0.803211615422254 0.854117411442865 0.928416911671996 0.878879580475982 0.473435234547432 0.727210385835646 1.33444828239628 1.0172214504526 0.873132677556352 0.657416370604146 0.66284260029509 0.867016450538916
1.15722704892803 0.86470265720106 0.607589292198299 1.11910095509543 1.17375068213635 1.24222189175763 0.50796152615134 0.62057648772511 1.05910886889041 1.57005238569981 1.12910916211011 0.979490857760246 0.571487891932616 0.84578242698354
1.34419551009855 1.25871663874716 0.959618384609333 1.44736594185883 1.32542908534862 1.03592094932819 0.632600680691912 0.468252096206929 1.35470048952871 1.56150737867655 1.06001005088617 1.03143918896308 0.880414818635658 0.755793287210216
1.25703952526263 1.19906075996492 0.839798380885638 1.14857636670556 1.11622297292777 1.04580908300822 0.904865714204687 0.709414153023817 1.59275959938129 1.38273804491711 0.656535062063213 0.630739720431328 1.23045892956176 1.31197482812721
1.05012207950768 1.08136439525856 0.757341892601942 1.24178868501016 1.06705281976034 1.45252675933732 0.883726217000755 0.57655718295057 1.1370955504838 1.32409975752677 0.900405222643932 1.31520107101165 1.04412090337892 0.857050151829882
1.40803139076268 1.33231324725338 1.7635314477715 1.69015116447327 1.82545211019452 1.41432286684117 1.26240207694933 1.02661490816086 1.7138339631451 1.87367734075933 1.39866749718303 1.46172645623574 1.48435076659224 1.68841543761753
